
########### Running SCENARIO 1 ###########

 === Option -t 1 === 

========= BEFORE ITERATION [16x16] =========== 

|  0.0| |  0.0| |  0.0| |  0.0| |  0.0| |  0.0| |  0.0| |  0.0| 
|  0.0| |  0.0| |  0.0| |  0.0| |  0.0| |  0.0| |  0.0| |  0.0| 
|  0.0| |  0.0| |  0.0| |  0.0| |  0.0| |  0.0| |  0.0| |  0.0| 
|  0.0| |  0.0| |  0.0| |  0.0| |  0.0| |  0.0| |  0.0| |  0.0| 
|  0.0| |  0.0| |  0.0| |  0.0| |  0.0| |  0.0| |  0.0| |  0.0| 
|  0.0| |  0.0| |  0.0| |  0.0| |  0.0| |  0.0| |  0.0| |  0.0| 
|  0.0| |  0.0| |  0.0| |  0.0| |  0.0| |  0.0| |  0.0| |  0.0| 
|  0.0| |  0.0| |  0.0| |  0.0| |  0.0| |  0.0| |  0.0| |255.0| 

 ########## SCENARIO 1 avec -s 0 ##########
Moyenne cpuTime : 1.069097 
Moyenne userTime : 0.250000 
Empreinte max : 660 

========= AFTER 10000 ITERATION [16x16] =========== 

|  2.7| |  5.4| |  8.0| | 10.4| | 12.4| | 13.9| | 14.9| | 15.1| 
|  5.3| | 10.7| | 16.1| | 21.2| | 25.5| | 28.9| | 31.0| | 31.6| 
|  7.8| | 15.9| | 24.2| | 32.4| | 39.7| | 45.5| | 49.1| | 50.1| 
| 10.1| | 20.6| | 31.8| | 43.6| | 54.8| | 64.4| | 70.3| | 71.9| 
| 11.9| | 24.6| | 38.5| | 53.9| | 70.3| | 86.2| | 96.9| | 99.4| 
| 13.3| | 27.6| | 43.4| | 61.7| | 82.7| |107.4| |129.9| |138.6| 
| 14.1| | 29.3| | 46.3| | 66.2| | 89.9| |120.1| |161.9| |196.8| 
| 14.3| | 29.8| | 47.1| | 67.3| | 91.7| |123.1| |168.1| |255.0| 

 === Option -t 2 === 

========= BEFORE ITERATION [16x16] =========== 

|  0.0| |  0.0| |  0.0| |  0.0| |  0.0| |  0.0| |  0.0| |  0.0| 
|  0.0| |  0.0| |  0.0| |  0.0| |  0.0| |  0.0| |  0.0| |  0.0| 
|  0.0| |  0.0| |  0.0| |  0.0| |  0.0| |  0.0| |  0.0| |  0.0| 
|  0.0| |  0.0| |  0.0| |  0.0| |  0.0| |  0.0| |  0.0| |  0.0| 
|  0.0| |  0.0| |  0.0| |  0.0| |  0.0| |  0.0| |  0.0| |  0.0| 
|  0.0| |  0.0| |  0.0| |  0.0| |  0.0| |  0.0| |  0.0| |  0.0| 
|  0.0| |  0.0| |  0.0| |  0.0| |  0.0| |  0.0| |  0.0| |  0.0| 
|  0.0| |  0.0| |  0.0| |  0.0| |  0.0| |  0.0| |  0.0| |255.0| 

 ########## SCENARIO 1 avec -s 0 ##########
Moyenne cpuTime : 4.676010 
Moyenne userTime : 2.500000 
Empreinte max : 868 

========= AFTER 10000 ITERATION [16x16] =========== 

|  2.7| |  5.4| |  8.1| | 10.6| | 12.7| | 14.2| | 15.2| | 15.4| 
|  5.4| | 10.8| | 16.3| | 21.5| | 26.0| | 29.2| | 31.2| | 31.7| 
|  8.0| | 16.2| | 24.6| | 32.9| | 40.3| | 45.8| | 49.0| | 50.7| 
| 10.2| | 20.9| | 32.3| | 44.2| | 55.6| | 64.8| | 70.0| | 71.2| 
| 12.4| | 25.6| | 40.0| | 55.4| | 70.9| | 86.4| | 95.4| | 97.1| 
| 13.7| | 28.5| | 45.2| | 64.4| | 83.6| |108.1| |128.7| |132.4| 
| 14.6| | 30.5| | 48.5| | 69.6| | 90.8| |120.7| |161.4| |193.7| 
| 14.9| | 31.0| | 49.4| | 71.8| | 94.2| |128.4| |178.5| |255.0| 

 === Option -t 3 === 

========= BEFORE ITERATION [16x16] =========== 

|  0.0| |  0.0| |  0.0| |  0.0| |  0.0| |  0.0| |  0.0| |  0.0| 
|  0.0| |  0.0| |  0.0| |  0.0| |  0.0| |  0.0| |  0.0| |  0.0| 
|  0.0| |  0.0| |  0.0| |  0.0| |  0.0| |  0.0| |  0.0| |  0.0| 
|  0.0| |  0.0| |  0.0| |  0.0| |  0.0| |  0.0| |  0.0| |  0.0| 
|  0.0| |  0.0| |  0.0| |  0.0| |  0.0| |  0.0| |  0.0| |  0.0| 
|  0.0| |  0.0| |  0.0| |  0.0| |  0.0| |  0.0| |  0.0| |  0.0| 
|  0.0| |  0.0| |  0.0| |  0.0| |  0.0| |  0.0| |  0.0| |  0.0| 
|  0.0| |  0.0| |  0.0| |  0.0| |  0.0| |  0.0| |  0.0| |255.0| 

 ########## SCENARIO 1 avec -s 0 ##########
Moyenne cpuTime : 15.984754 
Moyenne userTime : 10.125000 
Empreinte max : 1288 

========= AFTER 10000 ITERATION [16x16] =========== 

|  2.6| |  5.2| |  7.8| | 10.2| | 12.7| | 14.3| | 16.0| | 15.9| 
|  5.2| | 10.4| | 15.8| | 20.7| | 25.9| | 29.8| | 32.7| | 33.5| 
|  7.8| | 15.7| | 23.7| | 31.5| | 39.1| | 45.3| | 49.4| | 51.0| 
| 10.2| | 20.7| | 31.4| | 42.3| | 53.5| | 63.2| | 72.2| | 74.4| 
| 12.6| | 25.8| | 39.1| | 53.0| | 67.7| | 83.4| | 94.9| | 97.8| 
| 14.2| | 29.6| | 45.1| | 62.9| | 79.3| |100.8| |125.8| |136.3| 
| 15.1| | 31.8| | 48.5| | 69.4| | 90.9| |118.3| |159.9| |195.6| 
| 15.4| | 32.4| | 49.4| | 70.6| | 95.0| |131.3| |166.8| |255.0| 

 === Option -t 4 === 

========= BEFORE ITERATION [16x16] =========== 

|  0.0| |  0.0| |  0.0| |  0.0| |  0.0| |  0.0| |  0.0| |  0.0| 
|  0.0| |  0.0| |  0.0| |  0.0| |  0.0| |  0.0| |  0.0| |  0.0| 
|  0.0| |  0.0| |  0.0| |  0.0| |  0.0| |  0.0| |  0.0| |  0.0| 
|  0.0| |  0.0| |  0.0| |  0.0| |  0.0| |  0.0| |  0.0| |  0.0| 
|  0.0| |  0.0| |  0.0| |  0.0| |  0.0| |  0.0| |  0.0| |  0.0| 
|  0.0| |  0.0| |  0.0| |  0.0| |  0.0| |  0.0| |  0.0| |  0.0| 
|  0.0| |  0.0| |  0.0| |  0.0| |  0.0| |  0.0| |  0.0| |  0.0| 
|  0.0| |  0.0| |  0.0| |  0.0| |  0.0| |  0.0| |  0.0| |255.0| 

 ########## SCENARIO 1 avec -s 0 ##########
Moyenne cpuTime : 62.042350 
Moyenne userTime : 39.875000 
Empreinte max : 6828 

========= AFTER 10000 ITERATION [16x16] =========== 

|  2.4| |  4.8| |  7.2| |  9.5| | 11.6| | 13.8| | 14.6| | 16.4| 
|  4.8| |  9.5| | 14.4| | 19.1| | 23.6| | 27.5| | 31.2| | 32.8| 
|  7.1| | 14.3| | 21.6| | 28.8| | 35.5| | 42.1| | 47.8| | 51.0| 
|  9.5| | 19.2| | 29.0| | 39.3| | 48.6| | 58.0| | 66.5| | 71.0| 
| 11.8| | 23.0| | 36.0| | 48.3| | 61.7| | 77.7| | 90.3| | 95.3| 
| 13.1| | 26.9| | 42.0| | 57.2| | 75.4| | 97.3| |114.1| |141.3| 
| 14.5| | 28.7| | 46.0| | 64.7| | 89.3| |109.9| |137.9| |187.3| 
| 15.0| | 30.6| | 47.8| | 69.5| | 92.0| |122.6| |161.7| |255.0| 
