
########### Running SCENARIO 1 ###########

========= BEFORE ITERATION ===========

|  0.0| |  0.0| |  0.0| |  0.0| |  0.0| |  0.0| |  0.0| |  0.0| 
|  0.0| |  0.0| |  0.0| |  0.0| |  0.0| |  0.0| |  0.0| |  0.0| 
|  0.0| |  0.0| |  0.0| |  0.0| |  0.0| |  0.0| |  0.0| |  0.0| 
|  0.0| |  0.0| |  0.0| |  0.0| |  0.0| |  0.0| |  0.0| |  0.0| 
|  0.0| |  0.0| |  0.0| |  0.0| |  0.0| |  0.0| |  0.0| |  0.0| 
|  0.0| |  0.0| |  0.0| |  0.0| |  0.0| |  0.0| |  0.0| |  0.0| 
|  0.0| |  0.0| |  0.0| |  0.0| |  0.0| |  0.0| |  0.0| |  0.0| 
|  0.0| |  0.0| |  0.0| |  0.0| |  0.0| |  0.0| |  0.0| |255.0| 

 ########## SCENARIO 0 avec -s 0 ##########
Moyenne cpuTime : 0.096706 
Empreinte max : 436 

========= AFTER 10000 ITERATION ===========

|  2.4| |  4.8| |  7.2| |  9.6| | 11.7| | 13.5| | 14.8| | 15.4| 
|  4.8| |  9.7| | 14.6| | 19.3| | 23.8| | 27.5| | 30.3| | 31.6| 
|  7.2| | 14.6| | 22.0| | 29.4| | 36.4| | 42.7| | 47.3| | 49.6| 
|  9.5| | 19.3| | 29.3| | 39.6| | 49.9| | 59.3| | 66.7| | 70.6| 
| 11.6| | 23.6| | 36.3| | 49.7| | 63.8| | 77.8| | 89.7| | 96.4| 
| 13.4| | 27.3| | 42.4| | 59.0| | 77.4| | 97.6| |117.4| |130.7| 
| 14.6| | 30.0| | 46.9| | 66.1| | 88.8| |116.3| |149.5| |181.5| 
| 15.2| | 31.3| | 49.1| | 69.7| | 94.9| |128.0| |175.8| |255.0| 

========= BEFORE ITERATION ===========

|  0.0| |  0.0| |  0.0| |  0.0| |  0.0| |  0.0| |  0.0| |  0.0| 
|  0.0| |  0.0| |  0.0| |  0.0| |  0.0| |  0.0| |  0.0| |  0.0| 
|  0.0| |  0.0| |  0.0| |  0.0| |  0.0| |  0.0| |  0.0| |  0.0| 
|  0.0| |  0.0| |  0.0| |  0.0| |  0.0| |  0.0| |  0.0| |  0.0| 
|  0.0| |  0.0| |  0.0| |  0.0| |  0.0| |  0.0| |  0.0| |  0.0| 
|  0.0| |  0.0| |  0.0| |  0.0| |  0.0| |  0.0| |  0.0| |  0.0| 
|  0.0| |  0.0| |  0.0| |  0.0| |  0.0| |  0.0| |  0.0| |  0.0| 
|  0.0| |  0.0| |  0.0| |  0.0| |  0.0| |  0.0| |  0.0| |255.0| 

 ########## SCENARIO 0 avec -s 2 ##########
Moyenne cpuTime : 1.587689 
Empreinte max : 436 

========= AFTER 10000 ITERATION ===========

|  0.2| |  1.0| |  1.8| |  2.5| |  3.3| |  3.9| |  4.4| |  4.7| 
|  1.0| |  4.9| |  8.8| | 12.7| | 16.4| | 19.7| | 22.3| | 24.0| 
|  1.8| |  8.8| | 15.9| | 23.0| | 29.9| | 36.2| | 41.3| | 44.5| 
|  2.5| | 12.7| | 23.0| | 33.5| | 44.0| | 53.9| | 62.1| | 67.5| 
|  3.3| | 16.4| | 29.9| | 44.0| | 58.5| | 73.0| | 85.8| | 94.7| 
|  3.9| | 19.7| | 36.2| | 53.8| | 73.0| | 93.4| |113.4| |128.6| 
|  4.4| | 22.3| | 41.3| | 62.1| | 85.8| |113.4| |145.0| |174.1| 
|  4.7| | 24.0| | 44.5| | 67.5| | 94.6| |128.4| |173.8| |255.0| 

========= BEFORE ITERATION ===========

|  0.0| |  0.0| |  0.0| |  0.0| |  0.0| |  0.0| |  0.0| |  0.0| 
|  0.0| |  0.0| |  0.0| |  0.0| |  0.0| |  0.0| |  0.0| |  0.0| 
|  0.0| |  0.0| |  0.0| |  0.0| |  0.0| |  0.0| |  0.0| |  0.0| 
|  0.0| |  0.0| |  0.0| |  0.0| |  0.0| |  0.0| |  0.0| |  0.0| 
|  0.0| |  0.0| |  0.0| |  0.0| |  0.0| |  0.0| |  0.0| |  0.0| 
|  0.0| |  0.0| |  0.0| |  0.0| |  0.0| |  0.0| |  0.0| |  0.0| 
|  0.0| |  0.0| |  0.0| |  0.0| |  0.0| |  0.0| |  0.0| |  0.0| 
|  0.0| |  0.0| |  0.0| |  0.0| |  0.0| |  0.0| |  0.0| |255.0| 

 ########## SCENARIO 0 avec -s 4 ##########
Moyenne cpuTime : 25.243769 
Empreinte max : 612 

========= AFTER 10000 ITERATION ===========

|  0.0| |  0.2| |  0.4| |  0.6| |  0.8| |  1.0| |  1.2| |  1.3| 
|  0.2| |  3.8| |  7.4| | 10.9| | 14.3| | 17.4| | 19.8| | 21.5| 
|  0.4| |  7.4| | 14.3| | 21.3| | 28.0| | 34.3| | 39.4| | 42.8| 
|  0.6| | 10.9| | 21.3| | 31.8| | 42.3| | 52.2| | 60.7| | 66.6| 
|  0.8| | 14.3| | 28.0| | 42.3| | 57.0| | 71.6| | 84.8| | 94.2| 
|  1.0| | 17.4| | 34.3| | 52.2| | 71.6| | 92.2| |112.5| |128.4| 
|  1.2| | 19.8| | 39.4| | 60.7| | 84.8| |112.5| |143.9| |173.5| 
|  1.3| | 21.5| | 42.8| | 66.6| | 94.2| |128.4| |173.4| |255.0| 
Testing barrier
