
########### Running SCENARIO 1 ###########
plaque init

========= BEFORE ITERATION =========== 16 0x13c5010 

|  0.0| |  0.0| |  0.0| |  0.0| |  0.0| |  0.0| |  0.0| |  0.0| 
|  0.0| |  0.0| |  0.0| |  0.0| |  0.0| |  0.0| |  0.0| |  0.0| 
|  0.0| |  0.0| |  0.0| |  0.0| |  0.0| |  0.0| |  0.0| |  0.0| 
|  0.0| |  0.0| |  0.0| |  0.0| |  0.0| |  0.0| |  0.0| |  0.0| 
|  0.0| |  0.0| |  0.0| |  0.0| |  0.0| |  0.0| |  0.0| |  0.0| 
|  0.0| |  0.0| |  0.0| |  0.0| |  0.0| |  0.0| |  0.0| |  0.0| 
|  0.0| |  0.0| |  0.0| |  0.0| |  0.0| |  0.0| |  0.0| |  0.0| 
|  0.0| |  0.0| |  0.0| |  0.0| |  0.0| |  0.0| |  0.0| |255.0| 

 ########## SCENARIO 1 avec -s 0 ##########
0.000000 s 0.000000 us0.000000 s 0.000000 us0.000000 s 0.000000 us0.000000 s 0.000000 us0.000000 s 0.000000 us0.000000 s 0.000000 us0.000000 s 0.000000 us0.000000 s 0.000000 us0.000000 s 0.000000 us0.000000 s 0.000000 usMoyenne cpuTime : 1.051177 
Moyenne userTime : 0.250000 
Empreinte max : 644 

========= AFTER 10000 ITERATION =========== 16 0x13ca5d0 

|  2.3| |  4.7| |  7.0| |  9.5| | 11.8| | 14.0| | 15.6| | 16.2| 
|  4.6| |  9.3| | 14.0| | 19.1| | 24.0| | 28.7| | 32.0| | 33.5| 
|  6.7| | 13.7| | 20.7| | 28.4| | 36.0| | 43.5| | 49.5| | 51.8| 
|  8.8| | 17.9| | 27.3| | 37.9| | 49.1| | 60.2| | 69.2| | 73.6| 
| 10.5| | 21.6| | 33.1| | 46.7| | 60.9| | 77.6| | 90.0| | 98.9| 
| 12.1| | 24.8| | 38.7| | 55.1| | 74.0| | 97.2| |120.3| |133.7| 
| 12.9| | 26.6| | 41.5| | 60.5| | 81.6| |112.4| |149.4| |190.8| 
| 13.4| | 27.7| | 43.9| | 64.2| | 88.6| |123.3| |169.5| |255.0| 
plaque init

========= BEFORE ITERATION =========== 32 0x13cadf0 

|  0.0| |  0.0| |  0.0| |  0.0| |  0.0| |  0.0| |  0.0| |  0.0| 
|  0.0| |  0.0| |  0.0| |  0.0| |  0.0| |  0.0| |  0.0| |  0.0| 
|  0.0| |  0.0| |  0.0| |  0.0| |  0.0| |  0.0| |  0.0| |  0.0| 
|  0.0| |  0.0| |  0.0| |  0.0| |  0.0| |  0.0| |  0.0| |  0.0| 
|  0.0| |  0.0| |  0.0| |  0.0| |  0.0| |  0.0| |  0.0| |  0.0| 
|  0.0| |  0.0| |  0.0| |  0.0| |  0.0| |  0.0| |  0.0| |  0.0| 
|  0.0| |  0.0| |  0.0| |  0.0| |  0.0| |  0.0| |  0.0| |  0.0| 
|  0.0| |  0.0| |  0.0| |  0.0| |  0.0| |  0.0| |  0.0| |255.0| 

 ########## SCENARIO 1 avec -s 1 ##########
0.000000 s 0.000000 us0.000000 s 0.000000 us0.000000 s 0.000000 us0.000000 s 0.000000 us0.000000 s 0.000000 us0.000000 s 0.000000 us0.000000 s 0.000000 us0.000000 s 0.000000 us0.000000 s 0.000000 us0.000000 s 0.000000 usMoyenne cpuTime : 2.975358 
Moyenne userTime : 0.875000 
Empreinte max : 656 

========= AFTER 10000 ITERATION =========== 32 0x13def30 

|  0.7| |  2.1| |  3.5| |  4.8| |  6.1| |  7.3| |  8.2| |  8.8| 
|  2.1| |  6.2| | 10.4| | 14.6| | 18.6| | 22.2| | 25.0| | 26.8| 
|  3.4| | 10.3| | 17.4| | 24.4| | 31.4| | 37.8| | 43.0| | 46.2| 
|  4.7| | 14.3| | 24.2| | 34.4| | 44.7| | 54.5| | 62.9| | 68.3| 
|  6.0| | 18.0| | 30.7| | 44.1| | 58.3| | 72.7| | 85.7| | 94.7| 
|  7.0| | 21.2| | 36.3| | 52.8| | 71.3| | 91.8| |112.5| |128.2| 
|  7.7| | 23.5| | 40.5| | 59.6| | 82.1| |109.7| |143.8| |174.3| 
|  8.0| | 24.6| | 42.5| | 63.0| | 87.9| |120.6| |167.8| |255.0| 
plaque init

========= BEFORE ITERATION =========== 64 0x13e0f50 

|  0.0| |  0.0| |  0.0| |  0.0| |  0.0| |  0.0| |  0.0| |  0.0| 
|  0.0| |  0.0| |  0.0| |  0.0| |  0.0| |  0.0| |  0.0| |  0.0| 
|  0.0| |  0.0| |  0.0| |  0.0| |  0.0| |  0.0| |  0.0| |  0.0| 
|  0.0| |  0.0| |  0.0| |  0.0| |  0.0| |  0.0| |  0.0| |  0.0| 
|  0.0| |  0.0| |  0.0| |  0.0| |  0.0| |  0.0| |  0.0| |  0.0| 
|  0.0| |  0.0| |  0.0| |  0.0| |  0.0| |  0.0| |  0.0| |  0.0| 
|  0.0| |  0.0| |  0.0| |  0.0| |  0.0| |  0.0| |  0.0| |  0.0| 
|  0.0| |  0.0| |  0.0| |  0.0| |  0.0| |  0.0| |  0.0| |255.0| 

 ########## SCENARIO 1 avec -s 2 ##########
0.000000 s 0.000000 us0.000000 s 0.000000 us0.000000 s 0.000000 us0.000000 s 0.000000 us0.000000 s 0.000000 us0.000000 s 0.000000 us0.000000 s 0.000000 us0.000000 s 0.000000 us0.000000 s 0.000000 us0.000000 s 0.000000 usMoyenne cpuTime : 11.122482 
Moyenne userTime : 3.000000 
Empreinte max : 656 

========= AFTER 10000 ITERATION =========== 64 0x1431090 

|  0.2| |  1.0| |  1.7| |  2.5| |  3.2| |  3.9| |  4.4| |  4.7| 
|  1.0| |  4.8| |  8.6| | 12.4| | 16.1| | 19.4| | 22.1| | 23.8| 
|  1.7| |  8.6| | 15.5| | 22.5| | 29.3| | 35.6| | 40.8| | 44.1| 
|  2.5| | 12.3| | 22.4| | 32.7| | 43.1| | 52.9| | 61.3| | 66.9| 
|  3.2| | 15.9| | 29.0| | 42.8| | 57.2| | 71.6| | 84.7| | 93.9| 
|  3.8| | 19.0| | 35.0| | 52.2| | 71.0| | 91.4| |111.8| |127.6| 
|  4.2| | 21.4| | 39.7| | 59.8| | 83.1| |110.6| |142.9| |173.1| 
|  4.5| | 22.8| | 42.4| | 64.5| | 90.8| |124.4| |170.8| |255.0| 
plaque init

========= BEFORE ITERATION =========== 128 0x14390b0 

|  0.0| |  0.0| |  0.0| |  0.0| |  0.0| |  0.0| |  0.0| |  0.0| 
|  0.0| |  0.0| |  0.0| |  0.0| |  0.0| |  0.0| |  0.0| |  0.0| 
|  0.0| |  0.0| |  0.0| |  0.0| |  0.0| |  0.0| |  0.0| |  0.0| 
|  0.0| |  0.0| |  0.0| |  0.0| |  0.0| |  0.0| |  0.0| |  0.0| 
|  0.0| |  0.0| |  0.0| |  0.0| |  0.0| |  0.0| |  0.0| |  0.0| 
|  0.0| |  0.0| |  0.0| |  0.0| |  0.0| |  0.0| |  0.0| |  0.0| 
|  0.0| |  0.0| |  0.0| |  0.0| |  0.0| |  0.0| |  0.0| |  0.0| 
|  0.0| |  0.0| |  0.0| |  0.0| |  0.0| |  0.0| |  0.0| |255.0| 

 ########## SCENARIO 1 avec -s 3 ##########
0.000000 s 0.000000 us0.000000 s 0.000000 us0.000000 s 0.000000 us0.000000 s 0.000000 us0.000000 s 0.000000 us0.000000 s 0.000000 us0.000000 s 0.000000 us0.000000 s 0.000000 us0.000000 s 0.000000 us0.000000 s 0.000000 usMoyenne cpuTime : 43.811501 
Moyenne userTime : 11.500000 
Empreinte max : 1308 

========= AFTER 10000 ITERATION =========== 128 0x15791f0 

|  0.1| |  0.5| |  0.9| |  1.3| |  1.6| |  2.0| |  2.3| |  2.5| 
|  0.5| |  4.1| |  7.8| | 11.4| | 14.9| | 18.1| | 20.7| | 22.3| 
|  0.9| |  7.8| | 14.7| | 21.7| | 28.5| | 34.7| | 39.9| | 43.4| 
|  1.3| | 11.4| | 21.6| | 32.1| | 42.5| | 52.5| | 61.0| | 66.8| 
|  1.6| | 14.8| | 28.3| | 42.4| | 57.0| | 71.6| | 84.8| | 94.3| 
|  2.0| | 17.9| | 34.4| | 52.1| | 71.3| | 91.8| |112.2| |128.2| 
|  2.2| | 20.4| | 39.4| | 60.3| | 84.0| |111.6| |143.3| |173.3| 
|  2.4| | 21.9| | 42.5| | 65.6| | 92.7| |126.6| |172.2| |255.0| 
plaque init

========= BEFORE ITERATION =========== 256 0x7f23dd73d010 

|  0.0| |  0.0| |  0.0| |  0.0| |  0.0| |  0.0| |  0.0| |  0.0| 
|  0.0| |  0.0| |  0.0| |  0.0| |  0.0| |  0.0| |  0.0| |  0.0| 
|  0.0| |  0.0| |  0.0| |  0.0| |  0.0| |  0.0| |  0.0| |  0.0| 
|  0.0| |  0.0| |  0.0| |  0.0| |  0.0| |  0.0| |  0.0| |  0.0| 
|  0.0| |  0.0| |  0.0| |  0.0| |  0.0| |  0.0| |  0.0| |  0.0| 
|  0.0| |  0.0| |  0.0| |  0.0| |  0.0| |  0.0| |  0.0| |  0.0| 
|  0.0| |  0.0| |  0.0| |  0.0| |  0.0| |  0.0| |  0.0| |  0.0| 
|  0.0| |  0.0| |  0.0| |  0.0| |  0.0| |  0.0| |  0.0| |255.0| 

 ########## SCENARIO 1 avec -s 4 ##########
0.000000 s 0.000000 us0.000000 s 0.000000 us0.000000 s 0.000000 us0.000000 s 0.000000 us0.000000 s 0.000000 us0.000000 s 0.000000 us0.000000 s 0.000000 us0.000000 s 0.000000 us0.000000 s 0.000000 us0.000000 s 0.000000 usMoyenne cpuTime : 173.873942 
Moyenne userTime : 45.750000 
Empreinte max : 2964 

========= AFTER 10000 ITERATION =========== 256 0x7f23dac0f010 

|  0.0| |  0.2| |  0.4| |  0.6| |  0.8| |  0.9| |  1.1| |  1.2| 
|  0.2| |  3.4| |  6.5| |  9.7| | 12.9| | 15.8| | 18.2| | 19.8| 
|  0.4| |  6.5| | 12.8| | 19.1| | 25.5| | 31.4| | 36.5| | 39.8| 
|  0.6| |  9.7| | 19.1| | 28.8| | 38.8| | 48.4| | 56.8| | 62.6| 
|  0.8| | 12.9| | 25.4| | 38.7| | 52.8| | 67.1| | 80.3| | 90.0| 
|  0.9| | 15.7| | 31.3| | 48.2| | 67.0| | 87.4| |108.0| |124.4| 
|  1.1| | 18.1| | 36.2| | 56.5| | 80.0| |107.8| |140.0| |170.6| 
|  1.1| | 19.6| | 39.5| | 62.1| | 89.3| |123.8| |170.2| |255.0| 
plaque init

========= BEFORE ITERATION =========== 512 0x7f23daacd010 

|  0.0| |  0.0| |  0.0| |  0.0| |  0.0| |  0.0| |  0.0| |  0.0| 
|  0.0| |  0.0| |  0.0| |  0.0| |  0.0| |  0.0| |  0.0| |  0.0| 
|  0.0| |  0.0| |  0.0| |  0.0| |  0.0| |  0.0| |  0.0| |  0.0| 
|  0.0| |  0.0| |  0.0| |  0.0| |  0.0| |  0.0| |  0.0| |  0.0| 
|  0.0| |  0.0| |  0.0| |  0.0| |  0.0| |  0.0| |  0.0| |  0.0| 
|  0.0| |  0.0| |  0.0| |  0.0| |  0.0| |  0.0| |  0.0| |  0.0| 
|  0.0| |  0.0| |  0.0| |  0.0| |  0.0| |  0.0| |  0.0| |  0.0| 
|  0.0| |  0.0| |  0.0| |  0.0| |  0.0| |  0.0| 